MY_ACCOUNT_ID = 0.0.3121778
MY_PRIVATE_KEY = c06f1e7d1a34581d4840b3fb5fd465900f19b9748d50ea46b7922c10d6d96ec3



ACCOUNT1_ID = 0.0.3563463
ACCOUNT1_PRIVATE_KEY = 302e020100300506032b65700422042073b457df3d062fe19b0ca6996482cd77374c717c774f00fa0b0eb6b697df4ba0

ACCOUNT2_ID = 0.0.3563464
ACCOUNT2_PRIVATE_KEY = 302e020100300506032b657004220420b427b2ae9f27af0c79bceba5d923ef4e292e6a448b19903ea13dd17b3ddbd02f

ACCOUNT3_ID = 0.0.3563467
ACCOUNT3_PRIVATE_KEY = 302e020100300506032b657004220420ea09d6c6b4c9fd321ec9c92e24e5f937ccfe062e76683a37fbeed736283a7ce3

ACCOUNT4_ID = 0.0.3563470
ACCOUNT4_PRIVATE_KEY = 302e020100300506032b6570042204201ecc118984e79cebf3d21290d7cb2933bba3a1023fb1eed28e9e6a03dc12a3a2

ACCOUNT5_ID = 0.0.3563471
ACCOUNT5_PRIVATE_KEY = 302e020100300506032b657004220420dc4aa3d5594f8c62614eb1194dc10596cf8ccfedc6ce70b80aa8329640a5194b

TOKEN_ID = 0.0.3563960

SCHEDULE_ID = 0.0.3566816

TOPIC_ID = 0.0.3566490

CONTRACT_ID = 0.0.3566971



